MMD色設定ファイル
数字の部分のみ変えて下さい。余分な改行を入れると読み込めなくなります。
数字は 赤,緑,青 の順で、それぞれ0〜255の範囲です。

文字色
255,255,255

背景色上端,下端
50,50,50
50,50,50

ボーン・フレーム操作窓上端,下端
0,219,190
0,219,190

フレーム操作窓上端,下端
62,176,178
62,176,178

背補間曲線操作窓上端,下端
100,100,100
100,100,100

モデル操作窓上端,下端
0,219,190
0,219,190

カメラ操作、ボーン操作窓上端,下端
62,176,178
62,176,178

照明操作、表情操作窓上端,下端
0,219,190
0,219,190

アクセサリ操作窓上端,下端
0,219,190
0,219,190

視点窓上端,下端
62,176,178
62,176,178

再生、音量窓上端,下端
100,100,100
100,100,100

フレーム欄背景色１,２,線
19,19,19
55,55,60
62,212,169

フレーム欄名前部色１,２,線
42,161,208
98,213,234
127,127,127

フレーム欄選択時色１,２
25,38,78
33,64,130

フレーム欄縦線色１,５,現在
75,75,75
186,29,142
242,17,136

フレーム欄文字色
255,255,255

フレーム欄文字選択色
255,100,100

セルフ影操作窓上端,下端
62,176,178
62,176,178

終了